130015332
181300013
301984563
302114764
302280862
303376586
305065088
310818000
318634813
319052916
319355913
320075161
322283193
323778860
325820751
331967943
333021244
333353928
334088374
338346901
339004210
342192150
342763851
347593691
350009635
351487772
351674726
352226252
353722549
353793623
376080487
377517073
381035815
382170074
382333532
382675734
383706397
385387287
386620165
394575070
398686816
402286009
402303978
402325658
404051401
404877086
415550284
420610438
421131368
421300088
424575348
427941851
428720783
430006643
431537182
433842044
439273129
453413742
479247371
480402635
480770767
490074051
490756038
500175419
520037698
524695855
525185633
529221749
534071253
542035753
559801337
562123513
576650394
582620167
599815073
644800161
666580352
669801243
669803934
675980114
775751613
798259545
801877341
809135064
824013999
834058133
834364416
855200507
876580077
945450054
954503439
957520612
965504731
966897456
995750288
